65521
65519
65497
65479
65449
65447
65437
65423
65419
65413
65407
65393
65381
65371
65357
65353
65327
65323
65309
65293
65287
65269
65267
65257
65239
65213
65203
65183
65179
65173
65171
65167
65147
65141
65129
65123
65119
65111
65101
65099
65089
65071
65063
65053
65033
65029
65027
65011
65003
64997
64969
64951
64937
64927
64921
64919
64901
64891
64879
64877
64871
64853
64849
64817
64811
64793
64783
64781
64763
64747
64717
64709
64693
64679
64667
64663
64661
64633
64627
64621
64613
64609
64601
64591
64579
64577
64567
64553
64513
64499
64489
64483
64453
64451
64439
64433
64403
64399
64381
64373
64333
64327
64319
64303
64301
64283
64279
64271
64237
64231
64223
64217
64189
64187
64171
64157
64153
64151
64123
64109
64091
64081
64067
64063
64037
64033
64019
64013
64007
63997
63977
63949
63929
63913
63907
63901
63863
63857
63853
63841
63839
63823
63809
63803
63799
63793
63781
63773
63761
63743
63737
63727
63719
63709
63703
63697
63691
63689
63671
63667
63659
63649
63647
63629
63617
63611
63607
63601
63599
63589
63587
63577
63559
63541
63533
63527
63521
63499
63493
63487
63473
63467
63463
63443
63439
63421
63419
63409
63397
63391
63389
63377
63367
63361
63353
63347
63337
63331
63317
63313
