46327
46309
46307
46301
46279
46273
46271
46261
46237
46229
46219
46199
46187
46183
46181
46171
46153
46147
46141
46133
46103
46099
46093
46091
46073
46061
46051
46049
46027
46021
45989
45979
45971
45959
45953
45949
45943
45893
45887
45869
45863
45853
45841
45833
45827
45823
45821
45817
45779
45767
45763
45757
45751
45737
45707
45697
45691
45677
45673
45667
45659
45641
45631
45613
45599
45589
45587
45569
45557
45553
45541
45533
45523
45503
45497
45491
45481
45439
45433
45427
45413
45403
45389
45377
45361
45343
45341
45337
45329
45319
45317
45307
45293
45289
45281
45263
45259
45247
45233
45197
45191
45181
45179
45161
45139
45137
45131
45127
45121
45119
45083
45077
45061
45053
45013
45007
44987
44983
44971
44963
44959
44953
44939
44927
44917
44909
44893
44887
44879
44867
44851
44843
44839
44819
44809
44797
44789
44777
44773
44771
44753
44741
44729
44711
44701
44699
44687
44683
44657
44651
44647
44641
44633
44623
44621
44617
44587
44579
44563
44549
44543
44537
44533
44531
44519
44507
44501
44497
44491
44483
44453
44449
44417
44389
44383
44381
44371
44357
44351
44293
44281
44279
44273
44269
44267
44263
44257
44249
44221
44207
44203
44201
44189
44179
44171
44159
44131
44129
44123
44119
44111
44101
44089
44087
44071
44059
44053
44041
44029
44027
44021
44017
43997
43991
43987
43973
43969
43963
43961
43951
43943
43933
43913
43891
43889
43867
43853
43801
43793
43789
43787
43783
43781
43777
43759
43753
43721
43717
43711
43691
43669
43661
43651
43649
43633
43627
43613
43609
43607
43597
43591
43579
43577
43573
43543
43541
43517
43499
43487
43481
43457
43451
43441
43427
43411
43403
43399
43397
43391
43331
43321
43319
43313
43291
43283
43271
43261
43237
43223
43207
43201
43189
43177
43159
43151
43133
43117
43103
43093
43067
43063
43051
43049
43037
43019
43013
43003
42989
42979
42967
42961
42953
42943
42937
42929
42923
42901
42899
42863
42859
42853
42841
42839
42829
42821
42797
42793
42787
42773
42767
42751
42743
42737
42727
42719
42709
42703
42701
42697
42689
42683
42677
42667
42649
42643
42641
42611
42589
42577
42571
42569
42557
42533
42509
42499
42491
42487
42473
42467
42463
42461
42457
42451
42443
42437
42433
42409
42407
42403
42397
42391
42379
42373
42359
42349
42337
42331
42323
42307
42299
42293
42283
42281
42257
42239
42227
42223
42221
42209
42197
42193
42187
42181
42179
42169
42157
42139
42131
42101
42089
42083
42073
42071
42061
42043
42023
42019
42017
42013
41999
41983
41981
41969
41959
41957
41953
41947
41941
41927
41911
41903
41897
41893
41887
41879
41863
41851
41849
41843
41813
41809
41801
41777
41771
41761
41759
41737
41729
41719
41687
41681
41669
41659
41651
41647
41641
41627
41621
41617
41611
41609
41603
41597
41593
41579
41549
41543
41539
41521
41519
41513
41507
41491
41479
41467
41453
41443
41413
41411
41399
41389
41387
41381
41357
41351
41341
41333
41299
41281
41269
41263
41257
41243
41233
41231
41227
41221
41213
41203
41201
41189
41183
41179
41177
41161
41149
41143
41141
41131
41117
41113
41081
41077
41057
41051
41047
41039
41023
41017
41011
40993
40973
40961
40949
40939
40933
40927
40903
40897
40883
40879
40867
40853
40849
40847
40841
40829
40823
40819
40813
40801
40787
40771
40763
40759
40751
40739
40709
40699
40697
40693
40639
40637
40627
40609
40597
40591
40583
40577
40559
40543
40531
40529
40519
40507
40499
40493
40487
40483
40471
40459
40433
40429
40427
40423
40387
40361
40357
40351
40343
40289
40283
40277
40253
40241
40237
40231
40213
40193
40189
40177
40169
40163
40153
40151
40129
40127
40123
40111
40099
40093
40087
40063
40039
40037
40031
40013
40009
39989
39983
39979
39971
39953
39937
39929
39901
39887
39883
39877
39869
39863
39857
39847
39841
39839
39829
39827
39821
39799
39791
39779
39769
39761
39749
39733
39727
39719
39709
39703
39679
39671
39667
39659
39631
39623
39619
39607
39581
39569
39563
39551
39541
39521
39511
39509
39503
39499
39461
39451
39443
39439
39419
39409
39397
39383
39373
39371
39367
39359
39343
39341
39323
39317
39313
39301
39293
39251
39241
39239
39233
39229
39227
39217
39209
39199
39191
39181
39163
39161
39157
39139
39133
39119
39113
39107
39103
39097
39089
39079
39047
39043
39041
39023
39019
38993
38977
38971
38959
38953
38933
38923
38921
38917
38903
38891
38873
38867
38861
38851
38839
38833
38821
38803
38791
38783
38767
38749
38747
38737
38729
38723
38713
38711
38707
38699
38693
38677
38671
38669
38653
38651
38639
38629
38611
38609
38603
38593
38569
38567
38561
38557
38543
38501
38461
38459
38453
38449
38447
38431
38393
38377
38371
38351
38333
38329
38327
38321
38317
38303
38299
38287
38281
38273
38261
38239
38237
38231
38219
38201
38197
38189
38183
38177
38167
38153
38149
38119
38113
38083
38069
38053
38047
38039
38011
37997
37993
37991
37987
37967
37963
37957
37951
37907
37897
37889
37879
37871
37861
37853
37847
37831
37813
37811
37799
37783
37781
37747
37717
37699
37693
37691
37663
37657
37649
37643
37633
37619
37607
37591
37589
37579
37573
37571
37567
37561
37549
37547
37537
37529
37517
37511
37507
37501
37493
37489
37483
37463
37447
37441
37423
37409
37397
37379
37369
37363
37361
37357
37339
37337
37321
37313
37309
37307
37277
37273
37253
37243
37223
37217
37201
37199
37189
37181
37171
37159
37139
37123
37117
37097
37087
37061
37057
37049
37039
37021
37019
37013
37003
36997
36979
36973
36947
36943
36931
36929
36923
36919
36913
36901
36899
36887
36877
36871
36857
36847
36833
36821
36809
36793
36791
36787
36781
36779
36767
36761
36749
36739
36721
36713
36709
36697
36691
36683
36677
36671
36653
36643
36637
36629
36607
36599
36587
36583
36571
36563
36559
36551
36541
36529
36527
36523
36497
36493
36479
36473
36469
36467
36457
36451
36433
36389
36383
36373
36353
36343
36341
36319
36313
36307
36299
36293
36277
36269
36263
36251
36241
36229
36217
36209
36191
36187
36161
36151
36137
36131
36109
36107
36097
36083
36073
36067
36061
36037
36017
36013
36011
36007
35999
35993
35983
35977
35969
35963
35951
35933
35923
35911
35899
35897
35879
35869
35863
35851
35839
35837
35831
35809
35803
35801
35797
35771
35759
35753
35747
35731
35729
35677
35671
35617
35603
