3037000493
3037000453
3037000429
3037000427
3037000399
3037000391
3037000333
3037000331
3037000303
3037000289
3037000249
3037000193
3037000181
3037000177
3037000159
3037000121
3037000111
3037000103
3037000069
3037000039
3037000013
3036999991
3036999983
3036999941
3036999899
3036999887
3036999877
3036999841
3036999821
3036999817
3036999811
3036999803
3036999773
3036999769
3036999761
3036999739
3036999737
3036999733
3036999727
3036999499
3036999487
3036999473
3036999467
3036999457
3036999443
3036999439
3036999431
3036999403
3036999379
3036999341
3036999319
3036999307
3036999293
3036999283
3036999271
3036999233
3036999209
3036999167
3036999157
3036999137
3036999113
3036999101
3036999089
3036999079
3036999067
3036999061
3036999023
3036999019
3036999001
3036998999
3036998989
3036998977
3036998963
3036998957
3036998933
3036998903
3036998873
3036998857
3036998849
3036998843
3036998837
3036998803
3036998777
3036998761
3036998759
3036998743
3036998717
3036998611
3036998599
3036998567
3036998563
3036998561
3036998537
3036998477
3036998449
3036998429
3036998401
3036998381
3036998347
3036998333
3036998329
3036998299
3036998267
3036998257
3036998249
3036998231
3036998213
3036998183
3036998161
3036998113
3036998093
3036998071
3036998051
3036998047
3036998011
3036998009
3036997973
3036997939
3036997933
3036997897
3036997853
3036997837
3036997813
3036997811
3036997787
3036997783
3036997751
3036997741
3036997727
3036997721
3036997709
3036997697
3036997693
3036997643
3036997631
3036997619
3036997603
3036997597
3036997577
3036997559
3036997511
3036997501
3036997493
3036997393
3036997391
3036997343
3036997339
3036997331
3036997289
3036997279
3036997217
3036997213
3036997169
3036997151
3036997133
3036997109
3036997081
3036997063
3036997021
3036996983
3036996947
3036996931
3036996923
3036996901
3036996883
3036996863
3036996829
3036996817
3036996799
3036996769
3036996761
3036996737
3036996713
3036996709
3036996707
3036996673
3036996631
3036996601
3036996587
3036996553
3036996527
3036996497
3036996491
3036996481
3036996451
3036996439
3036996421
3036996379
3036996373
3036996353
3036996349
3036996329
3036996307
3036996299
3036996283
3036996253
3036996247
3036996211
3036996197
3036996121
3036996091
3036996077
3036996071
3036996049
3036996019
3036996013
3036995981
3036995977
3036995953
3036995933
3036995921
3036995909
3036995893
3036995887
3036995881
3036995867
3036995839
3036995833
3036995827
3036995791
3036995761
3036995737
3036995723
3036995711
3036995671
3036995641
3036995627
3036995609
3036995603
3036995581
3036995579
3036995573
3036995543
3036995531
3036995527
3036995491
3036995477
3036995459
3036995369
3036995281
3036995267
3036995257
3036995249
3036995239
3036995189
3036995161
3036995153
3036995123
3036995089
3036995083
3036995057
3036995051
3036995041
3036995021
3036994997
3036994963
3036994931
3036994921
3036994897
3036994889
3036994879
3036994847
3036994799
3036994787
3036994777
3036994747
3036994717
3036994703
3036994679
3036994673
3036994663
3036994661
3036994627
3036994621
3036994619
3036994591
3036994549
3036994547
3036994531
3036994511
3036994507
3036994489
3036994469
3036994439
3036994423
3036994417
3036994397
3036994381
3036994369
3036994349
3036994327
3036994309
3036994283
3036994249
3036994237
3036994229
3036994211
3036994193
3036994141
3036994099
3036994073
3036994069
3036994063
3036994043
3036994039
3036994033
3036994001
3036993977
3036993937
3036993913
3036993901
3036993893
3036993871
3036993769
3036993737
3036993727
3036993719
3036993677
3036993667
3036993613
3036993607
3036993601
3036993587
3036993571
3036993569
3036993541
3036993539
3036993529
3036993527
3036993511
3036993469
3036993437
3036993413
3036993367
3036993359
3036993331
3036993329
3036993319
3036993283
3036993277
3036993257
3036993251
3036993241
3036993233
3036993221
3036993217
3036993181
3036993161
3036993143
3036993133
3036993131
3036993107
3036993103
3036993097
3036993083
3036993077
3036993073
3036993023
3036992983
3036992977
3036992969
3036992957
3036992953
3036992921
3036992899
3036992879
3036992873
3036992869
3036992809
3036992773
3036992753
3036992747
3036992743
3036992741
3036992731
3036992719
3036992711
3036992701
3036992681
3036992669
3036992639
3036992579
3036992521
3036992507
3036992503
3036992461
3036992437
3036992423
3036992401
3036992383
3036992377
3036992341
3036992333
3036992293
3036992291
3036992249
3036992207
3036992191
3036992141
3036992131
3036992113
3036992087
3036992083
3036992069
3036992051
3036992033
3036992017
3036992011
3036991987
3036991981
3036991949
3036991943
3036991897
3036991891
3036991883
3036991861
3036991777
3036991757
3036991753
3036991747
3036991717
3036991649
3036991627
3036991619
3036991591
3036991543
3036991511
3036991501
3036991481
3036991453
3036991381
3036991361
3036991357
3036991327
3036991303
3036991301
3036991271
3036991261
3036991253
3036991249
3036991247
3036991189
3036991183
3036991171
3036991147
3036991127
3036991109
3036991081
3036991063
3036991049
3036991037
3036991033
3036991031
3036991021
3036990997
3036990977
3036990961
3036990949
3036990923
3036990907
3036990899
3036990893
3036990871
3036990851
3036990829
3036990779
3036990769
3036990763
3036990739
3036990727
3036990709
3036990703
3036990611
3036990559
3036990491
3036990431
3036990421
3036990401
3036990391
3036990379
3036990371
3036990323
3036990317
3036990277
3036990263
3036990247
3036990233
3036990227
3036990199
3036990193
3036990167
3036990163
3036990157
3036990071
3036990059
3036990049
3036990037
3036990029
3036990017
3036989999
3036989993
3036989983
3036989957
3036989863
3036989821
3036989797
3036989779
3036989723
3036989693
3036989687
3036989651
3036989611
3036989609
3036989603
3036989573
3036989561
3036989539
3036989477
3036989471
3036989441
3036989419
3036989381
3036989377
3036989363
3036989357
3036989353
3036989323
3036989297
3036989281
3036989261
3036989209
3036989167
3036989159
3036989149
3036989129
3036989107
3036989101
3036989077
3036989071
3036989063
3036989041
3036989027
3036988991
3036988879
3036988849
3036988819
3036988751
3036988739
3036988729
3036988727
3036988723
3036988699
3036988679
3036988673
3036988667
3036988651
3036988637
3036988631
3036988627
3036988583
3036988573
3036988571
3036988543
3036988523
3036988483
3036988469
3036988429
3036988417
3036988399
3036988397
3036988393
3036988387
3036988369
3036988349
3036988319
3036988313
3036988309
3036988301
3036988277
3036988271
3036988117
3036988111
3036988109
3036988081
3036988079
3036988043
3036988037
3036988027
3036988021
3036987991
3036987979
3036987937
3036987931
3036987929
3036987917
3036987913
3036987901
3036987883
3036987871
3036987809
3036987799
3036987773
3036987743
3036987731
3036987727
3036987719
3036987691
3036987659
3036987637
3036987631
3036987601
3036987589
3036987587
3036987581
3036987563
3036987557
3036987553
3036987533
3036987529
3036987523
3036987521
3036987469
3036987439
3036987427
3036987361
3036987337
3036987319
3036987311
3036987293
3036987251
3036987241
3036987197
3036987167
3036987127
3036987089
3036987077
3036987073
3036987067
3036987061
3036987043
3036986969
3036986957
3036986917
3036986881
3036986863
3036986851
3036986839
3036986803
3036986791
3036986789
3036986767
3036986759
3036986737
3036986713
3036986669
3036986609
3036986599
3036986593
3036986569
3036986509
3036986507
3036986501
3036986479
3036986441
3036986431
3036986417
3036986411
3036986383
3036986333
3036986287
3036986279
3036986203
3036986189
3036986167
3036986129
3036986123
3036986107
3036986041
3036986023
3036986009
3036985999
3036985993
3036985979
3036985949
3036985921
3036985877
3036985873
3036985837
3036985829
3036985817
3036985813
3036985799
3036985771
3036985753
3036985747
3036985741
3036985739
3036985733
3036985729
3036985709
3036985697
3036985673
3036985643
3036985613
3036985607
3036985603
3036985583
3036985561
3036985559
3036985547
3036985543
3036985499
3036985459
3036985439
3036985433
3036985409
3036985373
3036985361
3036985309
3036985291
3036985283
3036985267
3036985253
3036985249
3036985219
3036985207
3036985187
3036985177
3036985151
3036985097
3036985093
3036985073
3036985033
3036985031
3036985001
3036984997
3036984989
3036984971
3036984953
3036984943
3036984917
3036984887
3036984803
3036984799
3036984787
3036984773
3036984761
3036984751
3036984749
3036984721
3036984697
3036984673
3036984667
3036984637
3036984623
3036984589
3036984569
3036984563
3036984539
3036984527
3036984481
3036984479
3036984427
3036984421
3036984413
3036984407
3036984403
3036984373
3036984367
3036984361
3036984343
3036984319
3036984287
3036984259
3036984257
3036984253
3036984199
3036984191
3036984151
3036984133
3036984131
3036984089
3036984059
3036984053
3036984047
3036984017
3036983933
3036983923
3036983909
3036983897
3036983867
3036983843
3036983837
3036983827
3036983813
3036983809
3036983777
3036983771
3036983699
3036983689
3036983671
3036983657
3036983629
3036983623
3036983597
3036983567
3036983561
3036983539
3036983533
3036983497
3036983483
3036983441
3036983407
3036983387
3036983297
3036983281
3036983249
3036983203
3036983189
3036983177
3036983167
3036983137
3036983111
3036983099
3036983083
3036983063
3036983057
3036983041
3036982981
3036982937
3036982919
3036982853
3036982843
3036982841
3036982789
3036982777
3036982757
3036982727
3036982693
3036982643
3036982639
3036982601
3036982589
3036982577
3036982567
3036982547
3036982541
3036982523
3036982519
3036982489
3036982469
3036982451
3036982423
3036982397
3036982387
3036982349
3036982337
3036982331
3036982313
3036982297
3036982279
3036982271
3036982189
3036982139
3036982133
3036982121
3036982111
3036982103
3036982099
3036982093
3036982061
3036982043
3036982009
3036982001
3036981979
3036981967
3036981953
3036981931
3036981923
3036981917
3036981863
3036981859
3036981853
3036981851
3036981821
3036981811
3036981797
3036981763
3036981733
3036981713
3036981691
3036981659
3036981553
3036981547
3036981539
3036981533
3036981481
3036981421
3036981407
3036981401
3036981383
3036981373
3036981359
3036981347
3036981323
3036981313
3036981307
3036981301
3036981289
3036981287
3036981209
3036981179
3036981139
3036981097
3036981067
3036981043
3036981041
3036981023
3036981011
3036980971
3036980941
3036980917
3036980911
3036980897
3036980867
3036980851
3036980819
3036980803
3036980761
3036980753
3036980747
3036980701
3036980699
3036980677
3036980599
3036980579
3036980549
3036980537
3036980533
3036980519
3036980497
3036980491
3036980459
3036980423
3036980371
3036980363
3036980339
3036980327
3036980269
3036980267
3036980263
3036980207
3036980161
3036980129
3036980123
3036980117
3036980077
3036980071
3036980047
3036980041
3036980039
3036980033
3036980027
3036979997
3036979987
3036979937
3036979927
3036979919
3036979873
3036979861
3036979849
3036979837
3036979793
3036979787
3036979769
3036979763
3036979723
3036979709
3036979679
3036979661
3036979601
3036979597
3036979579
3036979571
3036979531
3036979529
3036979523
3036979457
3036979391
3036979357
3036979343
3036979339
3036979303
3036979301
3036979291
3036979289
3036979261
3036979249
3036979237
3036979223
